%YAML:1.0

image_left: /home/dst03/code/stereo/img/test_left.png
image_right: /home/dst03/code/stereo/img/test_right.png
pointcloud: /home/dst03/code/stereo/img/test_pointcloud.bin
# camera intrinsics

# left projection matrix
P0: 
  rows: 3
  cols: 4
  data: [7.188560000000e+02, 0.000000000000e+00, 6.071928000000e+02, 0.000000000000e+00,
         0.000000000000e+00, 7.188560000000e+02, 1.852157000000e+02, 0.000000000000e+00, 
         0.000000000000e+00, 0.000000000000e+00, 1.000000000000e+00, 0.000000000000e+00]

# right projection matrix
P1: 
  rows: 3
  cols: 4
  data: [7.188560000000e+02, 0.000000000000e+00, 6.071928000000e+02, -3.861448000000e+02, 
         0.000000000000e+00, 7.188560000000e+02, 1.852157000000e+02, 0.000000000000e+00, 
         0.000000000000e+00, 0.000000000000e+00, 1.000000000000e+00, 0.000000000000e+00]

# left lidar projection matrix
P2: 
  rows: 3
  cols: 4
  data: [7.070493000000e+02, 0.000000000000e+00, 6.040814000000e+02, 4.575831000000e+01, 
         0.000000000000e+00, 7.070493000000e+02, 1.805066000000e+02, -3.454157000000e-01, 
         0.000000000000e+00, 0.000000000000e+00, 1.000000000000e+00, 4.981016000000e-03]

# right lidar projection matrix
P3: 
  rows: 3
  cols: 4
  data: [7.215377000000e+02, 0.000000000000e+00, 6.095593000000e+02, -3.395242000000e+02, 
         0.000000000000e+00, 7.215377000000e+02, 1.728540000000e+02, 2.199936000000e+00, 
         0.000000000000e+00, 0.000000000000e+00, 1.000000000000e+00, 2.729905000000e-03]

# rectification matrix for camera 0
R0:
  rows: 3
  cols: 3
  data: [9.999128000000e-01, 1.009263000000e-02, -8.511932000000e-03, 
        -1.012729000000e-02, 9.999406000000e-01, -4.037671000000e-03, 
         8.470675000000e-03, 4.123522000000e-03, 9.999556000000e-01]

# extrinsic of lidar to camera
Tr_lidar_to_cam: 
  rows: 4
  cols: 4
  data: [6.927964000000e-03, -9.999722000000e-01, -2.757829000000e-03, -2.457729000000e-02, 
         -1.162982000000e-03, 2.749836000000e-03, -9.999955000000e-01, -6.127237000000e-02, 
          9.999753000000e-01, 6.931141000000e-03, -1.143899000000e-03, -3.321029000000e-01,
          0.000000000000e+00, 0.000000000000e+00, 0.000000000000e+00, 1.000000000000e+00]
